{
    "Hips": [
        [
            1.0,
            1.9984014443252818e-15,
            -1.7763568394002505e-15,
            -3.2707289567696085e-14
        ],
        [
            -1.9984014443252818e-15,
            1.0,
            -3.469446951953614e-18,
            -4.16184775531292e-09
        ],
        [
            1.7763568394002505e-15,
            3.469446951953614e-18,
            1.0,
            -9.313225746154785e-10
        ],
        [
            0.0,
            0.0,
            0.0,
            1.0
        ]
    ],
    "Spine": [
        [
            1.0,
            -2.020605904817785e-13,
            -1.8153256675645935e-12,
            3.3924685977071434e-14
        ],
        [
            2.020605904817785e-13,
            1.0,
            -7.450580596923828e-09,
            3.0635862735550745e-09
        ],
        [
            1.8153256675645935e-12,
            7.450580596923828e-09,
            1.0,
            2.1097787405999213e-10
        ],
        [
            0.0,
            0.0,
            0.0,
            1.0
        ]
    ],
    "Spine1": [
        [
            1.0,
            3.9968028886505635e-15,
            -1.3322676295501878e-15,
            -2.1339046930293412e-16
        ],
        [
            -3.9968028886505635e-15,
            1.0,
            -3.725290298461914e-09,
            -1.5479726389600046e-09
        ],
        [
            1.3322676295501878e-15,
            3.725290298461914e-09,
            1.0,
            7.359748366297936e-10
        ],
        [
            0.0,
            0.0,
            0.0,
            1.0
        ]
    ],
    "Spine2": [
        [
            1.0,
            -3.552713678800501e-15,
            2.6645352591003757e-15,
            -4.338370618696755e-15
        ],
        [
            3.552713678800501e-15,
            1.0,
            6.938893903907228e-18,
            -9.518115184903309e-10
        ],
        [
            -2.6645352591003757e-15,
            -6.938893903907228e-18,
            1.0,
            -1.2384262504383514e-09
        ],
        [
            0.0,
            0.0,
            0.0,
            1.0
        ]
    ],
    "Neck": [
        [
            1.0,
            -3.552713678800501e-15,
            0.0,
            -1.3975162715430811e-15
        ],
        [
            3.552713678800501e-15,
            1.0,
            0.0,
            1.7319656819836382e-10
        ],
        [
            0.0,
            0.0,
            1.0,
            -1.3057714909336937e-09
        ],
        [
            0.0,
            0.0,
            0.0,
            1.0
        ]
    ],
    "Head": [
        [
            1.0,
            0.0,
            0.0,
            -5.215534221950785e-15
        ],
        [
            0.0,
            1.0,
            0.0,
            1.8412560365277386e-09
        ],
        [
            0.0,
            0.0,
            1.0,
            -9.64970325867398e-10
        ],
        [
            0.0,
            0.0,
            0.0,
            1.0
        ]
    ],
    "HeadTop_End": [
        [
            1.0,
            -6.661338147750939e-16,
            2.7755575615628914e-14,
            3.552713678800501e-15
        ],
        [
            6.661338147750939e-16,
            1.0,
            9.244463733058732e-30,
            -1.0768426150775667e-08
        ],
        [
            -2.7755575615628914e-14,
            9.244463733058732e-30,
            1.0,
            5.820848802962075e-10
        ],
        [
            0.0,
            0.0,
            0.0,
            1.0
        ]
    ],
    "LeftShoulder": [
        [
            1.0,
            9.45874378821543e-10,
            4.220055138670631e-10,
            -5.238689482212067e-10
        ],
        [
            -9.458744898438454e-10,
            0.9999999403953552,
            -1.8590072814461678e-09,
            1.8808350432664156e-09
        ],
        [
            -4.220055416226387e-10,
            1.8590072814461678e-09,
            0.9999999403953552,
            9.677023626863956e-09
        ],
        [
            0.0,
            0.0,
            0.0,
            1.0
        ]
    ],
    "LeftArm": [
        [
            1.0,
            3.725290298461914e-09,
            7.450580596923828e-09,
            -3.7424285892484477e-10
        ],
        [
            -3.725290298461914e-09,
            1.0,
            -2.3283067140944524e-10,
            1.1025247381724057e-09
        ],
        [
            -7.450580596923828e-09,
            2.3283062977608182e-10,
            1.0,
            -1.140796790366494e-09
        ],
        [
            0.0,
            0.0,
            0.0,
            1.0
        ]
    ],
    "LeftForeArm": [
        [
            0.9999999403953552,
            2.3283018568687197e-10,
            -4.6566128730773926e-09,
            0.0
        ],
        [
            -2.3283019956465978e-10,
            1.0,
            -5.587935447692871e-09,
            0.0
        ],
        [
            4.656612428988183e-09,
            5.587935447692871e-09,
            1.0,
            0.0
        ],
        [
            0.0,
            0.0,
            0.0,
            1.0
        ]
    ],
    "LeftHand": [
        [
            1.0,
            -2.561137080192566e-09,
            4.190951585769653e-09,
            -9.284129021125409e-12
        ],
        [
            2.561137080192566e-09,
            1.0,
            -3.14321368932724e-09,
            -1.3762704309527862e-09
        ],
        [
            -4.190951585769653e-09,
            3.14321368932724e-09,
            1.0,
            1.8675430091263934e-09
        ],
        [
            0.0,
            0.0,
            0.0,
            1.0
        ]
    ],
    "LeftHandThumb1": [
        [
            1.0,
            5.587935447692871e-09,
            1.862645149230957e-08,
            1.3969838619232178e-09
        ],
        [
            -5.587935447692871e-09,
            1.0,
            3.725290298461914e-09,
            -2.6775524020195007e-09
        ],
        [
            -1.862645149230957e-08,
            -3.725290298461914e-09,
            1.0,
            4.656612873077393e-10
        ],
        [
            0.0,
            0.0,
            0.0,
            1.0
        ]
    ],
    "LeftHandThumb2": [
        [
            1.0,
            -4.563480615615845e-08,
            2.7939677238464355e-09,
            -2.0107435716454347e-09
        ],
        [
            4.563480615615845e-08,
            1.0,
            6.375108774214766e-17,
            -2.3259598691538486e-09
        ],
        [
            -2.7939677238464355e-09,
            6.375108774214766e-17,
            1.0,
            3.093738598636264e-10
        ],
        [
            0.0,
            0.0,
            0.0,
            1.0
        ]
    ],
    "LeftHandThumb3": [
        [
            1.0,
            5.820811194157116e-11,
            -1.0477378964424133e-09,
            0.0
        ],
        [
            -5.820810500267726e-11,
            1.0000001192092896,
            -9.313225191043273e-10,
            0.0
        ],
        [
            1.0477378964424133e-09,
            9.313225746154785e-10,
            1.0,
            0.0
        ],
        [
            0.0,
            0.0,
            0.0,
            1.0
        ]
    ],
    "LeftHandThumb4": [
        [
            1.0,
            -8.470329472543003e-21,
            1.4551915228366852e-11,
            0.0
        ],
        [
            -8.470329472543003e-21,
            1.0,
            1.1641532182693481e-09,
            0.0
        ],
        [
            -1.4551915228366852e-11,
            -1.1641532182693481e-09,
            1.0,
            0.0
        ],
        [
            0.0,
            0.0,
            0.0,
            1.0
        ]
    ],
    "LeftHandIndex1": [
        [
            1.0,
            2.7939672797572257e-09,
            -9.313224857976365e-09,
            -5.820766091346741e-10
        ],
        [
            -2.7939675018018306e-09,
            0.9999999403953552,
            4.190952029858863e-09,
            -1.280568540096283e-09
        ],
        [
            9.313225746154785e-09,
            -4.190952029858863e-09,
            0.9999999403953552,
            2.3283064365386963e-10
        ],
        [
            0.0,
            0.0,
            0.0,
            1.0
        ]
    ],
    "LeftHandIndex2": [
        [
            1.0,
            -3.3760443329811096e-09,
            -4.656612873077393e-10,
            0.0
        ],
        [
            3.3760443329811096e-09,
            1.0,
            -7.392372936010361e-09,
            0.0
        ],
        [
            4.656612873077393e-10,
            7.392372936010361e-09,
            1.0,
            0.0
        ],
        [
            0.0,
            0.0,
            0.0,
            1.0
        ]
    ],
    "LeftHandIndex3": [
        [
            1.0,
            -9.313225746154785e-10,
            -4.656611485298612e-10,
            0.0
        ],
        [
            9.313225746154785e-10,
            1.0,
            9.313220750151174e-10,
            0.0
        ],
        [
            4.656611762854368e-10,
            -9.313221305262687e-10,
            0.9999999403953552,
            0.0
        ],
        [
            0.0,
            0.0,
            0.0,
            1.0
        ]
    ],
    "LeftHandIndex4": [
        [
            1.0,
            -6.669537426680361e-18,
            -3.6961864680051804e-09,
            0.0
        ],
        [
            -6.669537426680361e-18,
            1.0,
            -3.6088749766349792e-09,
            0.0
        ],
        [
            3.6961864680051804e-09,
            3.6088749766349792e-09,
            1.0,
            0.0
        ],
        [
            0.0,
            0.0,
            0.0,
            1.0
        ]
    ],
    "LeftHandMiddle1": [
        [
            1.0,
            -1.0976191081955635e-16,
            3.4924596548080444e-10,
            1.3096723705530167e-09
        ],
        [
            1.1228268748803005e-16,
            0.9999999403953552,
            -7.217750397359168e-09,
            -1.3795215636491776e-08
        ],
        [
            -3.4924596548080444e-10,
            7.2177499532699585e-09,
            1.0,
            2.3283064365386963e-10
        ],
        [
            0.0,
            0.0,
            0.0,
            1.0
        ]
    ],
    "LeftHandMiddle2": [
        [
            1.0,
            6.984919309616089e-10,
            4.656613983300417e-10,
            0.0
        ],
        [
            -6.984919309616089e-10,
            1.0,
            1.4901161193847656e-08,
            0.0
        ],
        [
            -4.656613428188905e-10,
            -1.4901159417490817e-08,
            1.0000001192092896,
            0.0
        ],
        [
            0.0,
            0.0,
            0.0,
            1.0
        ]
    ],
    "LeftHandMiddle3": [
        [
            1.0,
            -3.725290298461914e-09,
            -9.313225191043273e-10,
            2.985656166742956e-11
        ],
        [
            3.725290298461914e-09,
            1.0,
            2.328304077314769e-10,
            -5.7086468885358954e-09
        ],
        [
            9.313225746154785e-10,
            -2.328304216092647e-10,
            0.9999999403953552,
            4.900133632190773e-10
        ],
        [
            0.0,
            0.0,
            0.0,
            1.0
        ]
    ],
    "LeftHandMiddle4": [
        [
            1.0,
            1.1641532182693481e-10,
            -1.8517312128096819e-09,
            0.0
        ],
        [
            -1.1641532182693481e-10,
            1.0,
            -1.8408172763884068e-09,
            0.0
        ],
        [
            1.8517312128096819e-09,
            1.8408172763884068e-09,
            1.0,
            0.0
        ],
        [
            0.0,
            0.0,
            0.0,
            1.0
        ]
    ],
    "LeftHandRing1": [
        [
            0.9999999403953552,
            1.3969837509009153e-09,
            3.725290298461914e-09,
            5.093170329928398e-10
        ],
        [
            -1.3969836398786128e-09,
            1.0,
            1.210719347000122e-08,
            -2.5029294192790985e-09
        ],
        [
            -3.725290298461914e-09,
            -1.210719435817964e-08,
            0.9999999403953552,
            0.0
        ],
        [
            0.0,
            0.0,
            0.0,
            1.0
        ]
    ],
    "LeftHandRing2": [
        [
            1.0,
            -1.862645149230957e-09,
            -1.862645149230957e-09,
            0.0
        ],
        [
            1.862645149230957e-09,
            1.0,
            1.525040538297162e-08,
            0.0
        ],
        [
            1.862645371275562e-09,
            -1.525040715932846e-08,
            0.9999999403953552,
            0.0
        ],
        [
            0.0,
            0.0,
            0.0,
            1.0
        ]
    ],
    "LeftHandRing3": [
        [
            1.0,
            5.820766091346741e-11,
            -4.656612873077393e-10,
            0.0
        ],
        [
            -5.820766091346741e-11,
            1.0,
            -3.712557372637093e-09,
            0.0
        ],
        [
            4.656612873077393e-10,
            3.712557372637093e-09,
            1.0,
            0.0
        ],
        [
            0.0,
            0.0,
            0.0,
            1.0
        ]
    ],
    "LeftHandRing4": [
        [
            1.0,
            3.761670086532831e-09,
            3.783498514486894e-10,
            1.4590728625307747e-10
        ],
        [
            -3.761670086532831e-09,
            1.0,
            -4.365575123621568e-10,
            8.095927261919655e-10
        ],
        [
            -3.7834979593753815e-10,
            4.3655745685100555e-10,
            1.0000001192092896,
            -7.14417414116042e-12
        ],
        [
            0.0,
            0.0,
            0.0,
            1.0
        ]
    ],
    "LeftHandPinky1": [
        [
            0.9999999403953552,
            -1.6763806343078613e-08,
            -1.1175872671742582e-08,
            1.1641532182693481e-10
        ],
        [
            1.6763804566721774e-08,
            1.0,
            -3.725290298461914e-09,
            6.752088665962219e-09
        ],
        [
            1.1175871783564162e-08,
            3.725290298461914e-09,
            1.0,
            1.862645149230957e-09
        ],
        [
            0.0,
            0.0,
            0.0,
            1.0
        ]
    ],
    "LeftHandPinky2": [
        [
            1.0,
            1.862645593320167e-09,
            -9.313231297269908e-10,
            9.028089387186355e-11
        ],
        [
            -1.862645371275562e-09,
            1.0000001192092896,
            -1.1175870007207322e-08,
            2.086671724299549e-09
        ],
        [
            9.313230187046884e-10,
            1.1175870007207322e-08,
            1.0000001192092896,
            -3.441698037676133e-10
        ],
        [
            0.0,
            0.0,
            0.0,
            1.0
        ]
    ],
    "LeftHandPinky3": [
        [
            1.0,
            -1.862645149230957e-09,
            1.8626450382086546e-09,
            -5.4136306548713264e-11
        ],
        [
            1.862645149230957e-09,
            1.0,
            7.363269105553627e-09,
            3.9912384508511423e-10
        ],
        [
            -1.862645149230957e-09,
            -7.363269549642837e-09,
            0.9999999403953552,
            -7.801808088458984e-10
        ],
        [
            0.0,
            0.0,
            0.0,
            1.0
        ]
    ],
    "LeftHandPinky4": [
        [
            1.0,
            -1.3969837509009153e-09,
            6.6356733441352844e-09,
            0.0
        ],
        [
            1.3969838619232178e-09,
            0.9999999403953552,
            -1.3504178220102858e-08,
            0.0
        ],
        [
            -6.6356733441352844e-09,
            1.3504177331924438e-08,
            1.0,
            0.0
        ],
        [
            0.0,
            0.0,
            0.0,
            1.0
        ]
    ],
    "RightShoulder": [
        [
            1.0,
            5.238689482212067e-10,
            5.384208634495735e-10,
            -3.4924596548080444e-10
        ],
        [
            -5.238690037323579e-10,
            0.9999998807907104,
            -1.0913922543487331e-11,
            8.731149137020111e-11
        ],
        [
            -5.384208634495735e-10,
            1.0913921676125593e-11,
            1.0,
            -5.587935447692871e-09
        ],
        [
            0.0,
            0.0,
            0.0,
            1.0
        ]
    ],
    "RightArm": [
        [
            1.0,
            1.862645149230957e-09,
            1.862645149230957e-09,
            -4.793845320705259e-10
        ],
        [
            -1.862645149230957e-09,
            1.0,
            1.525040715932846e-08,
            -2.61181631877605e-09
        ],
        [
            -1.862645149230957e-09,
            -1.525040715932846e-08,
            1.0,
            -3.3761071716043034e-09
        ],
        [
            0.0,
            0.0,
            0.0,
            1.0
        ]
    ],
    "RightForeArm": [
        [
            1.0000001192092896,
            -3.003515303134918e-08,
            9.313225746154785e-10,
            4.2325798421671834e-10
        ],
        [
            3.003515303134918e-08,
            1.0000001192092896,
            9.313225746154785e-10,
            1.1704234026410631e-08
        ],
        [
            -9.313225746154785e-10,
            -9.313225746154785e-10,
            1.0000001192092896,
            2.3501378620949254e-10
        ],
        [
            0.0,
            0.0,
            0.0,
            1.0
        ]
    ],
    "RightHand": [
        [
            1.0,
            3.4924596548080444e-09,
            3.725290298461914e-09,
            1.511144098742534e-09
        ],
        [
            -3.4924596548080444e-09,
            1.0,
            1.1641531488804091e-10,
            -2.2990285231117014e-08
        ],
        [
            -3.725290298461914e-09,
            -1.1641532182693481e-10,
            1.0,
            5.879274844744486e-10
        ],
        [
            0.0,
            0.0,
            0.0,
            1.0
        ]
    ],
    "RightHandThumb1": [
        [
            0.9999999403953552,
            -1.4901161193847656e-08,
            1.1175871783564162e-08,
            -2.0372681319713593e-09
        ],
        [
            1.4901160305669237e-08,
            1.0,
            -1.1175870895385742e-08,
            5.3551048040390015e-09
        ],
        [
            -1.1175870895385742e-08,
            1.1175870895385742e-08,
            1.0,
            4.656612873077393e-10
        ],
        [
            0.0,
            0.0,
            0.0,
            1.0
        ]
    ],
    "RightHandThumb2": [
        [
            1.0,
            -1.210719347000122e-08,
            2.1420419216156006e-08,
            0.0
        ],
        [
            1.210719347000122e-08,
            1.0,
            -9.313225746154785e-09,
            0.0
        ],
        [
            -2.1420419216156006e-08,
            9.313225746154785e-09,
            1.0,
            0.0
        ],
        [
            0.0,
            0.0,
            0.0,
            1.0
        ]
    ],
    "RightHandThumb3": [
        [
            0.9999999403953552,
            -3.492464095700143e-10,
            -2.3283067140944524e-10,
            0.0
        ],
        [
            3.492463818144387e-10,
            1.0,
            4.6566125955216364e-10,
            0.0
        ],
        [
            2.3283067140944524e-10,
            -4.656612873077393e-10,
            0.9999999403953552,
            0.0
        ],
        [
            0.0,
            0.0,
            0.0,
            1.0
        ]
    ],
    "RightHandThumb4": [
        [
            0.9999999403953552,
            4.656612873077393e-10,
            3.754394128918648e-09,
            0.0
        ],
        [
            -4.6566125955216364e-10,
            1.0,
            -1.1641532182693481e-10,
            0.0
        ],
        [
            -3.754393684829438e-09,
            1.1641532182693481e-10,
            1.0,
            0.0
        ],
        [
            0.0,
            0.0,
            0.0,
            1.0
        ]
    ],
    "RightHandIndex1": [
        [
            1.0,
            -5.587935447692871e-09,
            -9.313225746154785e-10,
            -3.7834979593753815e-09
        ],
        [
            5.587935447692871e-09,
            1.0,
            1.0710209608078003e-08,
            2.444721758365631e-09
        ],
        [
            9.313225191043273e-10,
            -1.0710209608078003e-08,
            1.0,
            -2.3283064365386963e-09
        ],
        [
            0.0,
            0.0,
            0.0,
            1.0
        ]
    ],
    "RightHandIndex2": [
        [
            1.0,
            -2.561137302237171e-09,
            -2.3283067140944524e-10,
            8.504236204132098e-11
        ],
        [
            2.561137080192566e-09,
            1.0000001192092896,
            1.7462296886261441e-10,
            -8.407585738723355e-11
        ],
        [
            2.3283064365386963e-10,
            -1.7462296886261441e-10,
            1.0000001192092896,
            1.3691858757880482e-10
        ],
        [
            0.0,
            0.0,
            0.0,
            1.0
        ]
    ],
    "RightHandIndex3": [
        [
            0.9999999403953552,
            3.00866135951952e-17,
            -6.984919753705299e-09,
            6.926015316821577e-11
        ],
        [
            3.00866135951952e-17,
            0.9999999403953552,
            8.614733815193176e-09,
            2.3251134351198743e-10
        ],
        [
            6.984919753705299e-09,
            -8.614733815193176e-09,
            0.9999999403953552,
            6.0948579516662e-11
        ],
        [
            0.0,
            0.0,
            0.0,
            1.0
        ]
    ],
    "RightHandIndex4": [
        [
            1.0,
            -1.2268595938109717e-16,
            7.4214767664670944e-09,
            0.0
        ],
        [
            9.935865877882394e-17,
            1.0000001192092896,
            3.143213467282635e-09,
            0.0
        ],
        [
            -7.4214767664670944e-09,
            -3.143213911371845e-09,
            1.0,
            0.0
        ],
        [
            0.0,
            0.0,
            0.0,
            1.0
        ]
    ],
    "RightHandMiddle1": [
        [
            1.0,
            -9.313225746154785e-10,
            -7.566995918750763e-09,
            5.820766091346741e-10
        ],
        [
            9.313225746154785e-10,
            1.0,
            2.7939677238464355e-09,
            -1.1350493878126144e-09
        ],
        [
            7.566995918750763e-09,
            -2.7939677238464355e-09,
            1.0,
            3.4924596548080444e-10
        ],
        [
            0.0,
            0.0,
            0.0,
            1.0
        ]
    ],
    "RightHandMiddle2": [
        [
            1.0,
            -4.423782673512733e-09,
            -1.6608620375401096e-17,
            -8.310330201766192e-11
        ],
        [
            4.423782229423523e-09,
            1.0000001192092896,
            7.508787369658876e-09,
            7.78890640873442e-09
        ],
        [
            -1.660861872103987e-17,
            -7.508787369658876e-09,
            1.0000001192092896,
            -1.594104848123834e-09
        ],
        [
            0.0,
            0.0,
            0.0,
            1.0
        ]
    ],
    "RightHandMiddle3": [
        [
            1.0,
            -6.05359673500061e-09,
            -1.8626450382086546e-09,
            0.0
        ],
        [
            6.05359673500061e-09,
            1.0,
            -4.656621199750077e-10,
            0.0
        ],
        [
            1.862645149230957e-09,
            4.65662175486159e-10,
            0.9999999403953552,
            0.0
        ],
        [
            0.0,
            0.0,
            0.0,
            1.0
        ]
    ],
    "RightHandMiddle4": [
        [
            1.0,
            -1.1641533570472262e-10,
            1.8590071704238653e-09,
            0.0
        ],
        [
            1.1641532182693481e-10,
            1.0000001192092896,
            1.455180420606439e-11,
            0.0
        ],
        [
            -1.8590071704238653e-09,
            -1.4551805940787865e-11,
            1.0,
            0.0
        ],
        [
            0.0,
            0.0,
            0.0,
            1.0
        ]
    ],
    "RightHandRing1": [
        [
            0.9999999403953552,
            1.862645149230957e-09,
            -2.7939679458910405e-09,
            -4.3655745685100555e-11
        ],
        [
            -1.8626450382086546e-09,
            1.0,
            9.313225746154785e-10,
            1.2631062418222427e-08
        ],
        [
            2.7939677238464355e-09,
            -9.313225746154785e-10,
            1.0,
            0.0
        ],
        [
            0.0,
            0.0,
            0.0,
            1.0
        ]
    ],
    "RightHandRing2": [
        [
            1.0,
            2.7939681679356454e-09,
            -4.190951585769653e-09,
            3.998542053018639e-10
        ],
        [
            -2.7939677238464355e-09,
            1.0000001192092896,
            -1.7462387091882192e-10,
            3.3600189297544603e-10
        ],
        [
            4.190951585769653e-09,
            1.7462389867439754e-10,
            1.0,
            6.379219374963441e-10
        ],
        [
            0.0,
            0.0,
            0.0,
            1.0
        ]
    ],
    "RightHandRing3": [
        [
            1.0,
            2.9103830456733704e-10,
            4.3655745685100555e-10,
            0.0
        ],
        [
            -2.9103830456733704e-10,
            1.0,
            3.723471309058368e-09,
            0.0
        ],
        [
            -4.3655745685100555e-10,
            -3.723471309058368e-09,
            1.0,
            0.0
        ],
        [
            0.0,
            0.0,
            0.0,
            1.0
        ]
    ],
    "RightHandRing4": [
        [
            1.0,
            -1.862645149230957e-09,
            -2.710505431213761e-20,
            -7.61946061800245e-12
        ],
        [
            1.862645149230957e-09,
            1.0,
            2.9103830456733704e-11,
            -2.866368919995921e-09
        ],
        [
            -2.710505431213761e-20,
            -2.9103830456733704e-11,
            1.0,
            1.7633006166306586e-11
        ],
        [
            0.0,
            0.0,
            0.0,
            1.0
        ]
    ],
    "RightHandPinky1": [
        [
            0.9999998807907104,
            -2.7939683899802503e-09,
            3.725290298461914e-09,
            -1.7462298274040222e-09
        ],
        [
            2.7939681679356454e-09,
            0.9999999403953552,
            9.313225746154785e-09,
            -8.149072527885437e-09
        ],
        [
            -3.725290298461914e-09,
            -9.313225746154785e-09,
            0.9999999403953552,
            9.313225746154785e-10
        ],
        [
            0.0,
            0.0,
            0.0,
            1.0
        ]
    ],
    "RightHandPinky2": [
        [
            0.9999999403953552,
            1.8626450382086546e-09,
            9.313230187046884e-10,
            5.276135084386624e-11
        ],
        [
            -1.862645149230957e-09,
            0.9999998211860657,
            7.4505797087454084e-09,
            -2.3419355343889947e-09
        ],
        [
            -9.31322907682386e-10,
            -7.450578376477779e-09,
            1.0,
            1.3570655710282153e-10
        ],
        [
            0.0,
            0.0,
            0.0,
            1.0
        ]
    ],
    "RightHandPinky3": [
        [
            1.0,
            1.1102229584507075e-16,
            4.656612873077393e-10,
            -2.3083757128006255e-11
        ],
        [
            -1.1102230246251565e-16,
            0.9999999403953552,
            8.881784197001252e-16,
            6.346219105779483e-10
        ],
        [
            -4.656612873077393e-10,
            -8.88178366760566e-16,
            1.0,
            7.247502598062283e-11
        ],
        [
            0.0,
            0.0,
            0.0,
            1.0
        ]
    ],
    "RightHandPinky4": [
        [
            1.0,
            2.3283064365386963e-10,
            -2.3283064365386963e-10,
            -1.3922552000167343e-10
        ],
        [
            -2.3283064365386963e-10,
            1.0,
            -1.7229467630386353e-08,
            -1.0449454634908761e-09
        ],
        [
            2.3283064365386963e-10,
            1.7229467630386353e-08,
            1.0,
            1.865885224106023e-10
        ],
        [
            0.0,
            0.0,
            0.0,
            1.0
        ]
    ],
    "LeftUpLeg": [
        [
            0.9999999403953552,
            4.2746245432212504e-10,
            -5.820766091346741e-11,
            -8.6811269284226e-10
        ],
        [
            -4.274624265665494e-10,
            1.0,
            -2.3283064365386963e-10,
            7.930793799459934e-10
        ],
        [
            5.8207657444020455e-11,
            2.3283064365386963e-10,
            1.0,
            3.41970007866621e-10
        ],
        [
            0.0,
            0.0,
            0.0,
            1.0
        ]
    ],
    "LeftLeg": [
        [
            1.0,
            7.275957614183426e-12,
            1.4551915228366852e-11,
            -9.206543513662346e-12
        ],
        [
            -7.275957614183426e-12,
            1.0,
            -3.725403985299636e-09,
            -6.483813486113377e-12
        ],
        [
            -1.4551915228366852e-11,
            3.725403985299636e-09,
            1.0,
            -1.6727713658681864e-09
        ],
        [
            0.0,
            0.0,
            0.0,
            1.0
        ]
    ],
    "LeftFoot": [
        [
            1.0,
            -5.5500983527168325e-17,
            4.656612873077393e-10,
            -8.467981871262964e-11
        ],
        [
            5.552131562662488e-17,
            0.9999999403953552,
            -4.3654857506680855e-11,
            -2.8001192475812786e-08
        ],
        [
            -4.656612873077393e-10,
            4.3654854037233903e-11,
            1.0,
            1.0078684553604944e-08
        ],
        [
            0.0,
            0.0,
            0.0,
            1.0
        ]
    ],
    "LeftToeBase": [
        [
            1.0,
            -2.061068462243842e-16,
            -6.984924860731212e-10,
            5.53865397989739e-10
        ],
        [
            2.379823768605682e-16,
            1.0000001192092896,
            4.563480615615845e-08,
            -4.639358230917878e-09
        ],
        [
            6.984923750508187e-10,
            -4.563480615615845e-08,
            1.0000001192092896,
            4.697946920373397e-09
        ],
        [
            0.0,
            0.0,
            0.0,
            1.0
        ]
    ],
    "LeftToe_End": [
        [
            1.0,
            5.820766091346741e-11,
            8.149072527885437e-10,
            -3.0047342391981147e-10
        ],
        [
            -5.820766091346741e-11,
            1.0,
            1.1641532182693481e-10,
            -5.028384819638632e-09
        ],
        [
            -8.149072527885437e-10,
            -1.1641532182693481e-10,
            1.0,
            -1.0524348059703925e-10
        ],
        [
            0.0,
            0.0,
            0.0,
            1.0
        ]
    ],
    "RightUpLeg": [
        [
            0.9999999403953552,
            -4.172761691734195e-09,
            1.1641532182693481e-10,
            -4.4665284804068506e-09
        ],
        [
            4.172761247644985e-09,
            1.0,
            7.421476766467094e-10,
            1.0913936421275139e-10
        ],
        [
            -1.1641531488804091e-10,
            -7.421476766467094e-10,
            1.0,
            3.128661774098873e-10
        ],
        [
            0.0,
            0.0,
            0.0,
            1.0
        ]
    ],
    "RightLeg": [
        [
            1.0,
            2.2919266484677792e-10,
            -2.9103830456733704e-11,
            0.0
        ],
        [
            -2.2919266484677792e-10,
            1.0,
            -3.725403985299636e-09,
            0.0
        ],
        [
            2.9103830456733704e-11,
            3.725403985299636e-09,
            1.0,
            0.0
        ],
        [
            0.0,
            0.0,
            0.0,
            1.0
        ]
    ],
    "RightFoot": [
        [
            1.0,
            -4.656612873077393e-10,
            9.313225191043273e-10,
            0.0
        ],
        [
            4.656612873077393e-10,
            1.0,
            1.4872058251569342e-08,
            0.0
        ],
        [
            -9.313225746154785e-10,
            -1.4872059139747762e-08,
            0.9999999403953552,
            0.0
        ],
        [
            0.0,
            0.0,
            0.0,
            1.0
        ]
    ],
    "RightToeBase": [
        [
            1.0,
            -1.862645149230957e-09,
            -4.656611485298612e-10,
            -2.0251889054634375e-10
        ],
        [
            1.862645149230957e-09,
            1.0,
            2.9802322387695312e-08,
            -1.4503154233125315e-10
        ],
        [
            4.656610375075587e-10,
            -2.9802320611338473e-08,
            1.0000001192092896,
            -1.7916930161732125e-09
        ],
        [
            0.0,
            0.0,
            0.0,
            1.0
        ]
    ],
    "RightToe_End": [
        [
            1.0,
            -1.455197247424156e-11,
            8.149073638108462e-10,
            1.701421226130151e-10
        ],
        [
            1.4551970739518083e-11,
            1.0000001192092896,
            4.94765117764473e-10,
            -1.2994458842285894e-08
        ],
        [
            -8.149072527885437e-10,
            -4.94765117764473e-10,
            1.0000001192092896,
            2.929884113100911e-11
        ],
        [
            0.0,
            0.0,
            0.0,
            1.0
        ]
    ]
}